%YAML:1.0
savedTime:
   - 1.4677257414172096e+09
currentTableZ:
   - 2.0315886564045771e-01
cropUpperLeftCorner:
   - 320.
   - 200.
vanishingPointReticle:
   - 309.
   - 189.
heightReticles:
   - 316.
   - 317.
   - 322.
   - 328.
   - 223.
   - 218.
   - 206.
   - 181.
colorReticles:
   - 462
   - 450
   - 439
   - 428
   - 419
   - 410
   - 405
   - 399
   - 394
   - 389
   - 383
   - 381
   - 379
   - 378
   - 153
   - 153
   - 153
   - 153
   - 153
   - 154
   - 154
   - 154
   - 154
   - 154
   - 155
   - 155
   - 155
   - 155
lensCorrections:
   - 8.9500000000000024e-01
   - 8.5500000000000020e-01
   - 8.5500000000000020e-01
   - 8.5500000000000020e-01
   - 1.0150000000000003e+00
   - 1.0150000000000003e+00
   - 1.0150000000000003e+00
   - 1.0150000000000003e+00
gear0offset:
   - 2.3000000044703484e-02
   - 2.3000000044703484e-02
   - 1.6722800210118294e-02
   - 0.
cameraExposure: 120
cameraGain: 40
cameraWhiteBalanceRed: 1356
cameraWhiteBalanceGreen: 1024
cameraWhiteBalanceBlue: 1536
